2,OHT,V00795,1,1,0000,1,12340,0,12341,4,4,4PDMV608,36073,00000000,0000,4ABL3301A_OUT04,4ANZ19-701,90,0,0
2,OHT,V00564,1,1,0000,1,2115,0,2116,4,4,4PDD0270,7449,00000000,0000,4ANZ25-205,4KCW3301_3,50,0,0
2,OHT,V00975,1,1,0000,1,6033,0,3294,4,4,6PDB1402,34128,00000000,0000,4EPR5301_3,4ANZ03-302,50,0,0
2,OHT,V00313,1,1,0000,1,1071,0,1072,4,4,6PDN4064,21980,00000000,0000,4CSC1603_3,4AFZ47-328,50,0,0
2,OHT,V00649,1,1,0000,1,1448,0,1449,4,4,4NDNA076,17160,00000000,0000,4ALFE001_AO31,4AFZ15-160,50,0,0




2,OHT,V00795,1,1,0000,1,12340,0,12341,4,4,4PDMV608,36073,00000000,0000,4ABL3301A_OUT04,4ANZ19-701,90,0,0
2,OHT,V00795,1,1,0000,1,12342,0,12343,4,4,4PDMV608,36074,00000000,0000,4ABL3301A_OUT04,4ANZ19-701,85,0,0
2,OHT,V00795,1,1,0000,1,12344,0,12345,4,4,4PDMV608,36075,00000000,0000,4ABL3301A_OUT04,4ANZ19-701,72,0,0
2,OHT,V00795,1,1,0000,1,12346,0,12347,4,4,4PDMV608,36076,00000000,0000,4ABL3301A_OUT04,4ANZ19-701,40,0,0
2,OHT,V00795,1,1,0000,1,12348,0,12349,4,4,4PDMV608,36077,00000000,0000,4ABL3301A_OUT04,4ANZ19-701,0,0,0



2,OHT,V00564,1,1,0000,1,2115,0,2116,4,4,4PDD0270,7449,00000000,0000,4ANZ25-205,4KCW3301_3,50,0,0
2,OHT,V00564,1,1,0000,1,2117,0,2118,4,4,4PDD0270,7450,00000000,0000,4ANZ25-205,4KCW3301_3,42,0,0
2,OHT,V00564,1,1,0000,1,2119,0,2120,4,4,4PDD0270,7451,00000000,0000,4ANZ25-205,4KCW3301_3,28,0,0
2,OHT,V00564,1,1,0000,1,2121,0,2122,4,4,4PDD0270,7452,00000000,0000,4ANZ25-205,4KCW3301_3,12,0,0
2,OHT,V00564,1,1,0000,1,2123,0,2124,4,4,4PDD0270,7453,00000000,0000,4ANZ25-205,4KCW3301_3,0,0,0


2,OHT,V00975,1,1,0000,1,6033,0,3294,4,4,6PDB1402,34128,00000000,0000,4EPR5301_3,4ANZ03-302,50,0,0
2,OHT,V00975,1,1,0000,1,6035,0,3296,4,4,6PDB1402,34129,00000000,0000,4EPR5301_3,4ANZ03-302,40,0,0
2,OHT,V00975,1,1,0000,1,6037,0,3298,4,4,6PDB1402,34130,00000000,0000,4EPR5301_3,4ANZ03-302,26,0,0
2,OHT,V00975,1,1,0000,1,6039,0,3300,4,4,6PDB1402,34131,00000000,0000,4EPR5301_3,4ANZ03-302,10,0,0
2,OHT,V00975,1,1,0000,1,6041,0,3302,4,4,6PDB1402,34132,00000000,0000,4EPR5301_3,4ANZ03-302,0,0,0



2,OHT,V00313,1,1,0000,1,1071,0,1072,4,4,6PDN4064,21980,00000000,0000,4CSC1603_3,4AFZ47-328,50,0,0
2,OHT,V00313,1,1,0000,1,1073,0,1074,4,4,6PDN4064,21981,00000000,0000,4CSC1603_3,4AFZ47-328,38,0,0
2,OHT,V00313,1,1,0000,1,1075,0,1076,4,4,6PDN4064,21982,00000000,0000,4CSC1603_3,4AFZ47-328,24,0,0
2,OHT,V00313,1,1,0000,1,1077,0,1078,4,4,6PDN4064,21983,00000000,0000,4CSC1603_3,4AFZ47-328,8,0,0
2,OHT,V00313,1,1,0000,1,1079,0,1080,4,4,6PDN4064,21984,00000000,0000,4CSC1603_3,4AFZ47-328,0,0,0


2,OHT,V00649,1,1,0000,1,1448,0,1449,4,4,4NDNA076,17160,00000000,0000,4ALFE001_AO31,4AFZ15-160,50,0,0
2,OHT,V00649,1,1,0000,1,1450,0,1451,4,4,4NDNA076,17161,00000000,0000,4ALFE001_AO31,4AFZ15-160,39,0,0
2,OHT,V00649,1,1,0000,1,1452,0,1453,4,4,4NDNA076,17162,00000000,0000,4ALFE001_AO31,4AFZ15-160,25,0,0
2,OHT,V00649,1,1,0000,1,1454,0,1455,4,4,4NDNA076,17163,00000000,0000,4ALFE001_AO31,4AFZ15-160,9,0,0
2,OHT,V00649,1,1,0000,1,1456,0,1457,4,4,4NDNA076,17164,00000000,0000,4ALFE001_AO31,4AFZ15-160,0,0,0
